309,170
348,178
387,185
424,192
460,199
494,205
528,210
560,215
592,220
623,225
653,229
683,233
711,236
740,239
768,242
795,245
822,248
848,251
874,252
901,254
308,209
347,216
386,222
422,229
458,234
492,240
526,244
558,249
589,253
620,257
650,261
679,264
708,267
736,270
763,272
790,275
817,277
844,279
870,281
897,282
307,245
347,252
385,257
422,263
457,268
491,272
524,276
556,281
588,284
618,287
648,290
677,293
706,296
733,298
761,301
788,303
815,305
841,307
867,308
894,309
307,281
346,287
384,291
421,296
456,300
490,304
523,308
555,311
587,314
617,317
646,319
675,323
704,324
731,327
759,328
786,330
813,332
839,334
865,335
891,336
306,316
346,321
384,325
420,329
456,332
489,336
523,339
555,342
585,344
616,347
645,349
674,351
702,353
730,355
757,356
784,358
811,359
837,361
863,361
889,363
306,351
345,355
383,358
420,362
455,364
489,367
522,369
554,372
584,373
614,376
644,377
673,379
701,381
729,382
756,383
782,385
809,386
835,387
861,387
887,388
305,386
345,389
383,391
419,394
454,396
488,398
521,399
553,402
584,403
613,405
643,406
672,408
700,408
727,410
754,410
781,412
807,412
834,413
860,413
886,414
305,420
344,423
382,424
419,426
454,427
488,429
521,429
552,431
583,432
613,433
642,434
671,435
699,435
726,437
754,437
780,438
807,438
832,439
858,439
885,440
305,454
344,456
382,456
418,458
453,458
487,459
520,460
552,461
583,461
612,462
642,462
670,463
698,463
726,464
753,464
779,465
806,464
832,465
858,464
884,465
304,488
344,489
381,489
418,490
453,489
487,490
520,489
551,490
582,490
612,490
641,490
670,490
698,490
725,491
752,490
779,491
805,490
831,491
857,490
883,490
304,522
343,522
381,521
418,521
453,520
487,520
519,519
551,519
582,519
612,519
641,518
669,518
697,517
725,517
752,517
778,517
805,516
831,516
857,516
883,516
303,556
343,555
381,553
417,553
452,551
486,551
519,549
551,549
582,548
612,547
641,546
670,546
697,545
725,544
752,543
779,543
805,542
831,542
857,541
883,542
303,590
343,588
380,586
417,585
452,582
486,581
519,579
551,578
582,577
612,576
641,574
670,573
697,572
725,571
752,570
779,570
805,568
832,568
857,567
883,567
303,624
342,622
380,619
417,617
452,614
486,612
519,609
551,608
582,606
612,604
641,602
670,601
698,599
725,599
753,597
779,596
806,595
832,594
858,593
884,592
303,659
342,656
380,651
417,649
452,645
486,643
519,640
551,638
582,635
612,633
642,631
670,629
699,627
726,626
754,624
780,623
807,621
833,620
859,619
885,618
302,694
342,689
380,685
417,681
452,677
486,674
519,670
551,668
583,664
613,662
642,659
671,657
700,655
727,653
755,651
781,650
808,648
834,647
860,645
886,644
302,729
342,724
380,718
417,714
452,709
486,706
520,701
552,698
583,694
614,692
643,688
672,686
700,683
728,681
756,679
783,677
809,675
836,673
862,671
888,670
302,765
342,759
380,752
417,747
452,742
487,738
520,733
553,729
584,725
615,722
644,718
673,715
702,712
730,709
757,707
785,705
811,702
838,700
864,698
890,697
302,802
342,795
380,787
417,781
453,775
487,770
521,765
554,761
585,756
616,752
645,748
675,745
703,741
732,738
759,735
786,732
813,730
840,728
866,725
893,724
302,839
342,831
380,823
417,816
453,810
488,804
522,798
554,793
586,788
617,783
647,779
677,775
705,771
734,767
762,764
789,761
816,758
843,755
869,753
896,751
1025,255
1051,253
1078,250
1104,247
1131,244
1158,241
1185,238
1213,234
1242,230
1271,226
1301,221
1331,216
1362,210
1395,205
1428,198
1463,192
1499,185
1536,178
1575,170
1615,160
1030,283
1056,281
1083,279
1109,277
1135,274
1162,271
1189,268
1217,265
1245,261
1274,258
1304,253
1334,249
1365,244
1397,239
1430,233
1464,227
1500,221
1537,215
1575,207
1615,199
1033,309
1059,308
1085,306
1111,304
1138,302
1164,300
1192,297
1219,294
1247,291
1276,288
1305,284
1335,280
1366,276
1398,272
1431,266
1465,261
1500,255
1537,250
1576,243
1615,236
1035,336
1061,335
1087,333
1113,332
1139,329
1166,327
1193,325
1221,323
1249,319
1277,317
1306,314
1336,311
1367,307
1399,303
1431,299
1465,294
1501,289
1537,285
1576,279
1615,273
1037,362
1063,361
1089,359
1115,358
1141,356
1168,355
1195,352
1222,351
1250,348
1278,346
1307,343
1338,340
1368,337
1400,334
1432,330
1466,327
1501,322
1538,318
1576,313
1616,308
1038,388
1065,387
1090,386
1116,385
1142,383
1169,382
1196,380
1223,379
1251,376
1279,375
1308,372
1338,370
1369,367
1400,365
1433,362
1466,359
1502,355
1538,352
1576,348
1615,344
1039,413
1066,413
1091,412
1117,411
1143,410
1170,409
1197,407
1224,406
1252,404
1280,403
1309,401
1339,400
1369,397
1401,395
1433,393
1467,391
1502,387
1538,385
1576,382
1615,379
1040,439
1067,439
1092,438
1118,437
1144,436
1171,435
1197,434
1225,433
1252,432
1280,431
1309,429
1339,429
1370,427
1401,426
1434,424
1467,422
1502,420
1538,418
1576,415
1615,413
1041,464
1067,464
1093,463
1119,463
1145,462
1171,462
1198,461
1225,461
1253,460
1281,459
1310,458
1340,457
1370,456
1401,456
1434,454
1467,453
1502,451
1538,451
1576,449
1616,447
1041,489
1068,489
1093,489
1119,489
1145,488
1171,488
1198,488
1225,488
1253,487
1281,487
1310,486
1340,486
1370,485
1401,485
1434,485
1467,484
1502,483
1538,483
1576,482
1615,481
1041,514
1068,515
1093,514
1119,515
1145,515
1171,515
1198,514
1225,515
1253,514
1281,515
1310,515
1340,515
1370,515
1402,515
1434,515
1467,516
1502,515
1538,515
1576,515
1615,516
1041,540
1067,540
1093,540
1119,541
1145,540
1171,541
1198,541
1225,542
1253,542
1281,543
1310,543
1340,544
1370,544
1401,545
1434,545
1467,546
1502,547
1538,548
1576,548
1616,550
1040,565
1067,566
1092,566
1118,566
1144,567
1171,568
1198,568
1225,569
1253,569
1281,571
1310,571
1340,573
1370,573
1401,575
1434,576
1467,577
1502,578
1538,580
1576,582
1616,584
1039,590
1066,591
1092,591
1118,592
1144,593
1170,594
1197,595
1224,596
1252,597
1280,599
1309,600
1339,602
1370,603
1401,605
1434,607
1467,609
1502,611
1538,613
1576,615
1616,618
1038,616
1065,617
1091,617
1117,619
1143,619
1169,621
1196,622
1224,624
1251,625
1280,627
1309,628
1338,631
1369,632
1401,635
1433,637
1467,640
1502,642
1538,646
1576,649
1615,653
1037,641
1063,643
1089,643
1116,645
1142,646
1168,648
1195,649
1223,651
1250,653
1279,656
1308,658
1338,660
1369,662
1400,666
1433,668
1466,672
1501,675
1538,679
1576,683
1615,688
1035,667
1062,669
1088,670
1114,672
1140,673
1167,675
1194,677
1221,679
1249,682
1278,684
1307,687
1337,690
1368,693
1399,697
1432,700
1466,704
1501,708
1538,713
1576,717
1615,723
1033,694
1060,695
1086,697
1112,699
1139,700
1165,703
1192,705
1220,708
1248,710
1276,714
1306,717
1336,720
1367,724
1398,728
1431,732
1466,737
1501,742
1537,747
1576,753
1615,759
1030,721
1057,722
1083,724
1110,726
1136,728
1163,731
1190,733
1218,737
1246,740
1275,744
1304,747
1335,751
1366,755
1398,760
1431,765
1465,770
1500,776
1537,782
1576,788
1615,796
1027,748
1054,749
1080,751
1107,754
1134,757
1161,760
1188,763
1216,766
1244,770
1273,774
1302,778
1333,782
1364,787
1397,793
1429,798
1464,804
1500,810
1537,817
1575,825
1615,833
