0
11
28
59
93
136
194
248
298
284
232
182
141
104
71
46
27
14
5
2
9
19
40
68
105
151
202
257
308
288
239
192
144
111
81
54
36
22
13
7
25
39
56
88
124
165
218
271
323
294
250
199
159
121
90
66
44
30
23
17
51
65
82
112
152
196
246
291
336
305
259
213
166
132
101
77
61
45
37
33
87
96
116
146
180
225
274
322
354
321
275
227
193
158
122
97
79
67
55
49
128
137
160
188
221
264
307
343
366
334
293
255
215
175
147
123
103
91
80
73
178
189
207
233
267
304
335
363
376
352
320
280
243
210
173
156
130
117
109
102
236
249
261
281
313
337
361
380
385
368
338
310
272
242
211
183
163
154
139
133
292
301
314
329
349
369
381
391
392
379
359
333
306
276
253
222
203
190
174
171
344
348
355
364
375
386
394
398
397
389
377
358
332
315
283
263
247
228
219
214
342
345
357
365
378
388
395
399
396
387
372
353
327
303
278
258
240
223
216
212
290
296
318
330
350
371
384
393
390
374
356
326
295
266
241
217
200
181
172
167
231
245
262
282
319
341
367
383
382
360
331
299
265
230
205
177
162
145
135
131
176
185
209
235
270
309
340
370
373
346
316
273
234
201
168
148
127
113
106
100
126
134
161
191
226
268
311
347
362
328
287
252
206
170
140
119
99
85
76
70
84
95
118
150
186
229
279
324
351
317
269
224
179
149
120
92
75
63
53
48
50
64
83
114
157
198
254
297
339
300
256
208
164
129
98
74
57
43
35
32
24
38
58
89
125
169
220
277
325
289
244
197
155
115
86
62
42
26
21
16
8
18
41
69
108
153
204
260
312
285
238
187
143
110
78
52
34
20
10
6
1
12
29
60
94
138
195
251
302
286
237
184
142
107
72
47
31
15
4
3
400
404
415
428
446
472
504
537
581
629
684
704
653
594
541
496
460
431
413
402
407
411
422
436
453
481
510
545
588
636
686
712
661
608
558
511
469
441
420
409
417
423
427
443
466
487
518
556
595
645
690
725
679
626
574
527
491
461
439
425
433
437
445
458
475
500
530
565
610
657
699
739
702
656
605
559
516
489
467
455
449
454
464
478
494
522
552
585
624
669
716
751
724
681
638
592
557
523
499
490
471
480
488
503
520
544
573
612
652
689
728
762
748
719
675
633
596
564
543
532
502
508
514
528
548
571
603
639
674
713
744
775
769
742
717
678
647
616
597
584
533
536
550
562
578
607
631
665
701
734
761
783
784
768
745
721
692
671
654
644
567
575
583
600
619
646
670
698
730
757
778
791
794
785
773
758
735
722
709
697
614
617
625
643
660
680
707
731
753
774
788
797
799
795
789
779
770
759
752
747
613
615
622
640
659
677
706
726
754
772
787
796
798
793
786
777
766
756
746
740
566
572
580
599
618
642
668
694
727
755
776
790
792
782
767
749
732
715
700
691
531
534
546
561
577
604
632
663
703
733
763
781
780
764
738
718
685
662
648
635
501
506
513
526
547
569
601
634
673
711
743
771
765
737
705
667
637
611
589
576
470
477
485
497
521
540
570
609
651
687
729
760
741
708
664
623
591
560
535
525
448
452
463
476
492
519
551
582
621
666
714
750
720
676
627
587
549
517
495
483
432
435
444
456
474
498
529
563
606
655
695
736
693
650
598
554
512
482
465
450
416
421
426
442
462
484
515
555
593
641
688
723
672
620
568
524
486
457
438
424
406
410
419
434
451
479
509
542
586
630
683
710
658
602
553
507
468
440
418
408
401
405
414
430
447
473
505
539
579
628
682
696
649
590
538
493
459
429
412
403
