0
380
19
399
398
18
379
39
360
20
378
1
381
38
17
397
359
59
361
21
377
358
37
58
340
40
357
16
2
382
57
396
339
79
376
338
36
78
341
41
22
362
356
337
56
77
15
395
319
99
320
60
375
318
35
98
42
336
342
3
383
76
355
317
321
61
55
97
23
363
299
14
394
119
335
316
298
75
374
96
118
34
62
322
300
297
354
80
43
343
54
117
315
4
384
301
81
95
334
296
279
74
139
116
13
24
278
393
364
138
373
33
63
277
323
353
82
137
302
295
314
53
94
115
44
344
280
276
100
333
136
259
73
159
281
258
5
101
385
158
294
12
392
372
32
257
83
114
275
313
303
25
64
365
157
352
135
324
93
52
102
282
256
156
332
45
72
239
274
345
293
179
238
134
178
113
260
255
120
312
84
237
11
155
391
261
304
371
103
121
177
283
31
92
6
386
65
351
325
51
236
273
26
176
366
254
292
122
331
262
133
154
219
71
199
112
218
235
46
198
346
104
175
217
311
85
284
91
197
305
253
240
10
123
272
263
140
390
370
30
216
234
153
132
350
241
66
196
7
141
50
387
291
174
326
111
330
27
215
70
367
142
242
195
105
252
233
124
285
310
264
47
152
271
86
90
173
347
214
306
131
143
243
194
9
369
389
290
29
349
220
67
160
110
49
232
221
327
8
251
329
161
388
213
125
69
172
106
28
265
151
286
368
144
162
193
270
309
222
244
130
89
87
48
307
348
231
212
289
163
223
250
192
171
109
126
68
145
150
328
266
245
200
107
180
201
269
287
181
164
224
308
129
211
88
182
230
202
191
170
249
146
288
127
183
203
108
246
149
165
267
225
210
268
229
184
128
190
204
169
147
166
248
247
226
148
185
209
205
189
228
167
168
227
186
206
208
188
187
207
400
780
419
799
401
781
760
420
779
439
761
421
798
418
782
402
740
440
778
762
438
741
422
441
759
459
742
442
403
797
783
417
720
460
763
721
423
461
758
458
777
437
743
443
722
462
404
784
700
480
739
764
701
424
481
479
723
757
463
796
416
457
744
702
482
738
444
478
776
436
680
500
405
785
724
464
703
681
483
765
501
425
737
719
745
682
756
445
502
477
499
456
704
795
484
718
415
683
725
498
465
660
520
503
406
786
661
775
521
766
426
435
736
662
522
746
476
717
446
705
504
684
485
497
755
699
663
455
523
726
466
640
519
540
641
698
541
407
794
787
685
414
767
518
505
427
642
664
524
716
542
706
486
774
735
747
447
496
434
475
697
643
543
727
517
467
620
560
754
665
686
525
621
506
454
561
679
644
544
788
622
408
707
562
539
487
768
715
428
678
793
696
495
748
413
448
516
538
734
623
563
666
773
526
645
474
728
545
433
687
468
677
507
600
580
601
537
581
624
564
753
708
602
695
488
582
453
714
789
409
769
546
646
515
667
659
429
676
494
527
603
749
625
583
559
449
565
536
658
792
733
688
508
412
558
729
473
469
772
604
584
432
657
647
694
547
709
675
626
489
566
557
752
668
528
514
713
605
535
452
585
493
790
770
410
656
430
689
750
509
450
639
556
732
627
730
791
579
567
470
638
548
472
648
411
674
606
586
693
578
771
669
431
529
710
637
490
534
655
513
712
555
577
751
492
451
607
628
510
690
568
587
636
649
549
576
731
673
654
471
619
692
533
670
530
554
618
599
512
635
711
491
598
588
608
629
617
569
575
597
691
550
511
650
653
672
616
634
553
532
596
671
609
574
589
531
630
615
570
595
652
651
633
551
552
573
614
610
590
594
631
571
632
613
572
593
611
591
612
592
