270,248
314,258
355,267
396,275
434,281
472,287
509,291
545,296
580,300
615,304
649,306
682,309
715,312
748,314
780,316
813,317
268,293
312,302
353,309
393,315
432,320
469,325
506,329
541,333
576,336
610,339
644,341
677,343
710,345
743,347
775,348
808,350
267,336
311,343
352,348
392,354
430,358
467,362
503,365
539,368
573,370
607,373
641,374
674,376
707,377
740,379
772,380
805,381
267,378
310,383
352,387
391,391
429,394
466,397
502,400
537,402
571,404
605,406
638,407
671,408
704,409
737,410
770,411
803,412
267,418
310,422
352,425
391,428
429,430
465,432
501,433
536,435
570,436
604,438
637,438
670,440
703,440
735,441
768,441
802,442
267,458
310,460
352,462
391,464
429,465
465,467
501,467
536,468
570,469
603,470
636,470
669,471
702,471
735,472
767,471
801,472
268,497
311,499
352,498
391,500
429,500
465,501
501,500
536,501
570,501
603,502
636,501
669,502
702,501
734,502
767,501
800,501
268,537
312,536
353,535
392,535
430,535
466,535
501,534
536,534
570,533
603,533
636,532
669,532
702,532
734,532
767,531
800,531
269,576
312,574
354,572
393,571
430,569
467,569
502,567
537,567
571,565
604,565
637,564
669,563
702,562
734,562
767,561
801,561
270,615
313,612
354,609
393,607
431,604
467,603
502,600
537,599
571,597
604,596
637,594
670,594
703,592
735,592
768,590
802,591
271,654
314,650
355,646
394,643
432,639
468,637
504,634
538,632
572,630
606,628
638,626
671,625
704,623
737,622
769,620
803,620
272,694
315,689
356,683
396,679
433,674
470,671
505,667
539,665
574,662
607,660
640,657
673,656
706,654
738,653
771,651
804,650
273,735
316,728
358,721
397,715
435,710
471,706
507,702
542,699
576,695
609,692
643,689
675,687
708,685
741,683
773,681
807,680
275,777
318,768
360,760
399,753
437,746
474,742
510,737
545,733
579,729
613,726
646,722
679,719
712,716
744,715
777,712
810,711
278,821
321,810
362,800
402,792
440,785
477,779
514,773
549,768
583,764
617,760
650,755
683,752
716,749
748,747
781,744
814,742
282,867
325,854
366,842
406,834
445,825
482,818
519,811
554,805
589,800
623,795
656,790
689,786
721,782
754,779
786,776
818,774
1022,327
1058,326
1093,324
1126,321
1159,318
1193,314
1227,309
1261,305
1297,299
1334,293
1372,285
1412,278
1453,269
1497,260
1542,250
1590,240
1030,361
1065,360
1098,358
1132,356
1164,353
1198,350
1231,346
1265,342
1301,336
1337,331
1375,325
1414,319
1455,311
1498,303
1543,294
1591,285
1035,393
1069,392
1102,391
1135,389
1168,386
1201,384
1234,380
1268,377
1303,373
1339,368
1377,363
1416,358
1457,351
1499,345
1544,337
1592,329
1039,425
1072,424
1105,422
1138,421
1170,419
1203,417
1236,414
1270,411
1305,408
1341,404
1378,400
1417,396
1457,390
1500,385
1545,378
1593,372
1041,455
1075,455
1107,454
1140,453
1172,451
1204,449
1237,447
1271,445
1306,442
1342,440
1379,436
1418,433
1458,428
1501,425
1545,419
1593,414
1043,486
1076,486
1108,484
1141,484
1173,482
1205,481
1238,479
1272,478
1307,476
1342,475
1379,472
1418,470
1459,466
1501,464
1546,460
1593,456
1044,516
1076,516
1109,515
1141,515
1173,514
1205,513
1239,511
1272,511
1307,510
1343,509
1380,507
1418,506
1459,504
1501,502
1546,499
1594,498
1044,546
1077,547
1109,546
1141,546
1173,545
1205,545
1239,544
1272,544
1307,543
1343,543
1380,542
1419,542
1459,541
1501,541
1546,539
1594,539
1044,577
1076,577
1109,576
1141,577
1173,577
1205,577
1238,577
1272,578
1307,577
1343,578
1380,578
1419,579
1459,578
1501,579
1546,579
1594,581
1044,607
1076,608
1108,607
1141,608
1173,608
1205,609
1238,609
1272,611
1307,611
1342,612
1380,613
1418,615
1459,616
1501,618
1546,619
1594,622
1042,637
1076,638
1108,638
1140,639
1172,640
1204,642
1238,642
1271,644
1306,645
1342,647
1379,649
1418,651
1459,653
1501,657
1546,659
1594,664
1040,668
1074,669
1106,669
1139,671
1171,672
1203,674
1237,675
1270,677
1305,679
1341,682
1378,685
1417,688
1458,691
1501,696
1546,700
1593,706
1038,699
1071,701
1104,701
1137,703
1169,704
1201,706
1235,708
1269,711
1304,714
1340,718
1377,721
1416,726
1457,730
1500,736
1545,741
1593,748
1033,732
1067,733
1101,733
1134,735
1166,737
1199,740
1233,743
1267,746
1302,750
1338,755
1376,759
1415,764
1456,770
1499,776
1544,783
1592,792
1027,765
1062,766
1096,767
1129,769
1162,772
1195,775
1229,778
1263,783
1299,787
1336,792
1374,797
1413,804
1455,810
1498,818
1543,826
1591,836
1018,800
1054,801
1089,802
1123,805
1156,808
1189,812
1224,816
1259,821
1295,826
1332,832
1371,838
1410,845
1453,853
1496,862
1542,871
1590,882
