0
10
24
49
82
120
165
195
155
115
79
53
33
17
6
2
9
18
34
60
92
128
174
200
159
119
88
59
41
23
13
7
26
37
50
75
108
146
188
207
169
129
97
69
45
31
22
16
52
61
73
101
137
170
204
215
183
145
113
85
64
43
36
30
87
94
110
138
163
193
222
228
198
161
130
102
81
67
55
47
123
136
150
171
196
219
238
236
214
187
156
125
105
91
72
71
173
178
190
209
223
239
248
246
233
210
181
157
134
117
104
99
216
217
224
234
244
250
254
253
243
229
206
186
164
148
139
133
218
220
231
237
247
252
255
251
242
225
203
185
162
147
140
131
177
182
192
211
230
241
249
245
232
205
180
153
135
116
107
98
127
142
152
176
201
221
240
235
212
184
154
122
103
89
74
70
90
96
114
143
168
199
227
226
194
160
126
100
78
66
54
46
56
65
80
106
141
172
208
213
179
144
109
83
62
42
35
29
27
40
57
77
112
149
189
202
166
124
95
68
44
28
20
14
11
19
38
63
93
132
175
197
158
118
86
58
39
21
12
5
1
8
25
48
84
121
167
191
151
111
76
51
32
15
4
3
256
259
267
275
288
304
326
348
371
391
408
428
446
464
483
501
258
262
269
280
292
309
329
352
373
392
410
427
444
461
478
496
264
268
273
283
297
314
333
358
378
396
413
432
447
462
479
495
272
278
282
294
307
324
344
363
383
400
417
435
451
466
481
498
284
290
295
306
317
334
355
370
386
405
421
438
454
471
487
503
299
302
312
320
332
347
364
382
397
409
424
441
458
474
490
506
315
319
328
338
349
362
376
388
404
420
434
445
460
476
492
508
335
341
345
357
365
377
387
401
414
425
440
455
470
480
494
510
340
343
350
360
369
380
390
403
418
429
442
457
472
488
497
511
318
322
331
342
356
367
381
394
407
422
437
452
463
477
493
509
301
305
313
323
336
353
368
384
399
415
426
443
459
475
491
507
287
291
298
308
321
339
359
374
389
406
423
439
456
473
489
505
274
279
285
296
311
325
346
366
385
402
419
436
453
469
486
502
265
270
277
286
300
316
337
361
379
398
416
433
450
467
484
499
261
263
271
281
293
310
330
354
375
395
412
431
448
465
482
500
257
260
266
276
289
303
327
351
372
393
411
430
449
468
485
504
