0
240
15
255
254
239
14
31
241
16
1
224
238
30
223
253
47
13
17
225
222
237
46
29
2
242
32
208
221
207
63
45
252
12
18
206
62
33
226
236
209
28
205
61
220
44
191
79
243
3
34
251
48
11
190
78
192
210
235
27
19
49
204
227
60
193
189
77
219
43
175
95
94
50
174
35
250
211
188
10
194
76
4
203
244
59
234
64
26
173
176
93
20
228
65
218
177
42
159
111
187
51
75
172
110
92
195
158
36
202
66
249
212
58
178
9
157
109
233
25
5
245
171
80
217
91
186
160
21
41
74
143
229
127
108
156
81
52
67
126
142
196
161
179
201
57
37
141
125
213
82
248
162
155
170
8
90
107
232
24
185
73
140
68
124
6
216
246
180
40
53
83
197
96
22
230
163
144
97
200
154
106
145
56
169
139
123
89
38
214
98
247
146
69
184
7
84
231
72
181
23
164
215
138
54
153
122
39
198
99
105
147
168
199
88
55
112
113
128
85
129
165
70
100
114
137
183
182
71
121
148
130
152
104
115
167
87
131
86
101
166
149
136
120
116
151
103
132
102
150
117
135
133
119
118
134
256
496
272
257
497
480
273
481
288
464
498
258
289
274
465
482
304
290
448
259
499
466
305
449
275
483
306
291
320
450
467
432
260
500
321
433
276
484
307
322
451
292
434
336
468
416
337
501
261
417
323
308
435
277
485
452
338
418
293
352
469
324
400
353
339
436
401
419
309
453
262
502
354
278
486
402
340
294
325
368
420
470
355
437
384
369
403
385
310
370
454
341
263
356
386
503
279
421
487
326
404
371
295
438
387
471
357
311
342
372
455
405
422
388
327
264
504
280
439
488
358
373
296
472
389
406
343
312
423
456
328
374
359
440
390
265
281
505
407
489
297
344
473
424
313
375
457
391
360
329
441
408
266
345
282
506
490
298
376
425
474
314
392
458
361
330
409
442
346
377
426
283
267
393
507
491
299
475
362
315
459
410
331
443
378
347
394
427
284
363
268
300
492
508
476
316
411
460
332
379
444
395
348
428
364
285
301
412
269
493
317
477
509
461
380
333
396
445
349
429
365
413
286
302
381
318
494
270
478
510
462
334
397
446
350
430
366
414
382
303
287
398
319
479
495
271
463
335
511
447
351
431
367
415
383
399
